[gd_scene load_steps=2 format=2]

[ext_resource path="res://assets/player/Player.tscn" type="PackedScene" id=1]

[node name="Spatial" type="Spatial"]

[node name="Player" parent="." instance=ExtResource( 1 )]
transform = Transform( 1, 0, 0, 0, 1, 0, 0, 0, 1, 0, -2, 10 )

[node name="CSGBox" type="CSGBox" parent="."]
transform = Transform( 1, 0, 0, 0, 1, 0, 0, 0, 1, 0, -3, 0 )
use_collision = true
width = 40.0
depth = 40.0

[node name="CSGBox2" type="CSGBox" parent="."]
transform = Transform( 0.5, 0, 0.866025, 0, 1, 0, -0.866025, 0, 0.5, 2, 1, -4 )
use_collision = true
height = 6.0
depth = 16.0

[node name="CSGBox4" type="CSGBox" parent="."]
transform = Transform( 0.394551, 0.918874, 0, -0.918874, 0.394551, 0, 0, 0, 1, 25.494, -0.781801, -8 )
use_collision = true
height = 14.0
depth = 16.0

[node name="CSGBox3" type="CSGBox" parent="."]
transform = Transform( 0.5, 0, 0.866025, 0, 1, 0, -0.866025, 0, 0.5, 6, 1, -12 )
use_collision = true
height = 6.0
depth = 16.0

[node name="DirectionalLight" type="DirectionalLight" parent="."]
transform = Transform( 0.838176, -0.380738, 0.390512, 0, 0.71601, 0.69809, -0.5454, -0.585123, 0.600142, 0, 0, 0 )
visible = false
shadow_enabled = true
